4294967278,350
4294967278,349
4294967278,344
4294967278,342
4294967279,540
4294967279,536
4294967279,535
4294967278,243
4294967279,242
4294967278,240
72,4
72,3
72,2
72,1
4294967278,379
4294967278,346
4294967294,437
4294967279,234
4294967279,232
4294967279,573
4294967279,230
4294967294,1418
4294967279,226
4294967279,219
71,5
71,4
4294967279,217
71,3
71,2
71,1
4294967279,518
4294967278,213
4294967278,378
4294967279,212
69,4
69,3
69,2
69,1
4294967278,208
4294967279,208
68,6
4294967294,473
68,5
4294967278,200
68,4
68,3
68,2
68,1
4294967279,512
4294967278,199
4294967278,321
4294967279,318
4294967279,316
67,5
4294967278,194
67,4
4294967278,193
67,3
67,2
67,1
4294967278,317
4294967279,313
4294967279,312
4294967278,315
4294967278,187
4294967279,187
4294967278,186
4294967279,186
4294967278,185
66,5
4294967279,185
66,4
4294967278,184
66,3
66,2
66,1
4294967278,377
4294967279,184
4294967279,310
4294967279,182
4294967279,181
4294967279,180
65,5
4294967279,178
65,4
4294967279,177
65,3
65,2
65,1
4294967279,307
4294967279,176
4294967278,175
4294967294,472
4294967279,172
4294967278,310
4294967279,572
4294967279,171
4294967278,170
4294967279,170
4294967278,309
4294967279,169
4294967294,403
4294967294,384
4294967294,415
4294967294,391
4294967294,465
4294967294,454
4294967279,166
63,4
4294967279,165
63,3
63,2
63,1
4294967279,164
4294967278,308
4294967279,162
4294967279,161
4294967279,160
4294967278,159
4294967279,159
62,4
62,3
62,2
62,1
4294967278,306
4294967279,158
4294967279,156
4294967278,305
4294967278,298
4294967279,291
4294967278,154
4294967279,152
61,4
4294967279,151
61,3
61,2
61,1
4294967279,290
4294967279,150
4294967278,296
4294967279,298
4294967278,295
4294967279,289
4294967279,147
4294967278,294
4294967279,144
4294967278,146
4294967278,376
4294967279,297
4294967278,145
60,5
4294967279,143
60,4
60,3
60,2
60,1
4294967278,292
4294967278,140
4294967278,139
59,4
59,3
59,2
59,1
4294967279,286
4294967294,401
4294967294,1005
4294967294,1007
4294967278,302
4294967279,133
4294967279,174
4294967279,260
4294967278,133
4294967279,283
4294967278,276
4294967278,288
58,5
4294967279,279
4294967278,274
4294967279,282
58,4
4294967278,273
58,3
58,2
58,1
4294967278,283
4294967279,277
4294967278,270
4294967278,269
4294967278,268
4294967279,263
4294967278,267
57,4
4294967279,262
57,3
57,2
57,1
4294967279,280
4294967278,281
4294967279,261
4294967278,300
4294967278,280
4294967279,292
4294967278,299
4294967279,273
4294967278,375
4294967279,274
4294967278,279
4294967279,571
4294967278,259
4294967279,570
4294967279,569
4294967278,374
4294967294,30
4294967294,160
4294967294,164
4294967294,165
4294967294,113
4294967294,104
4294967294,106
4294967294,166
4294967294,24
4294967294,175
4294967294,177
4294967278,257
4294967294,10
4294967294,199
4294967294,198
4294967294,197
4294967294,196
4294967294,195
4294967294,193
4294967294,1013
4294967294,1012
4294967294,1009
4294967294,1006
4294967294,1004
4294967294,1000
4294967294,998
4294967294,997
4294967294,995
4294967294,436
4294967294,185
4294967294,182
4294967294,176
4294967294,173
4294967294,170
4294967294,162
4294967294,18
4294967294,127
4294967294,14
4294967294,126
4294967294,20
4294967294,13
4294967294,12
4294967293,131
4294967293,130
4294967293,129
4294967293,128
4294967293,127
4294967293,126
4294967293,125
4294967293,124
4294967293,123
4294967293,122
4294967293,121
4294967293,120
4294967293,119
4294967293,118
4294967293,117
4294967293,116
4294967293,115
4294967293,114
4294967293,113
4294967293,112
4294967293,111
4294967293,110
4294967293,109
4294967293,108
4294967293,107
4294967293,106
4294967293,105
4294967293,104
4294967293,103
4294967293,102
4294967293,101
4294967293,100
4294967293,99
4294967293,98
4294967293,97
4294967293,96
4294967293,95
4294967293,94
4294967293,93
4294967293,92
4294967293,91
4294967293,90
4294967293,89
4294967293,87
4294967293,86
4294967293,85
4294967293,84
4294967293,83
4294967293,82
4294967293,81
4294967293,80
4294967293,79
4294967293,78
4294967293,77
4294967293,76
4294967293,75
4294967293,74
4294967293,73
4294967293,72
4294967293,71
4294967293,70
4294967293,69
4294967293,68
4294967293,67
4294967293,66
4294967293,65
4294967293,64
4294967293,63
4294967293,62
4294967293,61
4294967293,60
4294967293,59
4294967293,58
4294967293,57
4294967293,56
4294967293,55
4294967293,54
4294967293,53
4294967293,52
4294967293,51
4294967293,50
4294967293,49
4294967293,48
4294967293,47
4294967293,46
4294967293,45
4294967293,44
4294967293,43
4294967293,42
4294967293,41
4294967293,40
4294967293,39
4294967293,38
4294967293,37
4294967293,36
4294967293,35
4294967293,34
4294967293,33
4294967293,32
4294967293,31
4294967293,30
4294967293,29
4294967293,28
4294967293,27
4294967293,26
4294967293,25
4294967293,24
4294967293,23
4294967293,22
4294967293,21
4294967293,20
4294967293,19
4294967293,18
4294967293,17
4294967293,16
4294967293,15
4294967293,14
4294967293,13
4294967293,12
4294967293,11
4294967293,10
4294967293,9
4294967293,8
4294967293,7
4294967293,6
4294967293,5
4294967293,4
4294967293,3
4294967279,105
4294967279,101
4294967279,100
4294967279,99
4294967279,98
4294967279,95
4294967279,92
4294967279,91
4294967279,90
4294967279,89
4294967279,86
4294967279,85
4294967279,84
4294967279,83
4294967279,81
4294967279,80
4294967279,79
4294967279,78
4294967279,76
4294967279,75
4294967279,74
4294967279,73
4294967279,72
